# index, R(3x3 row-major), t(3)
0 1.000000 0.000000 0.000000 0.000000 1.000000 0.000000 0.000000 0.000000 1.000000 0.000000 0.000000 0.000000
1 0.989621 -0.002755 0.143675 0.002851 0.999996 -0.000456 -0.143674 0.000861 0.989625 -0.999797 0.000034 -0.020158
2 0.929539 -0.057543 0.364205 0.053949 0.998342 0.020045 -0.364755 0.001016 0.931103 -1.932349 -0.009221 0.340759
3 0.804281 -0.101494 0.585518 0.098304 0.994455 0.037348 -0.586062 0.027521 0.809799 -2.764331 -0.005298 0.895548
4 0.666004 -0.136663 0.733322 0.155162 0.986952 0.043011 -0.729632 0.085139 0.678519 -3.442106 -0.029692 1.630412
5 0.491036 -0.202329 0.847317 0.302882 0.951624 0.051710 -0.816790 0.231245 0.528563 -4.184322 -0.048440 2.300310
6 0.297182 -0.235887 0.925224 0.426116 0.899920 0.092567 -0.854464 0.366743 0.367955 -4.396201 -0.427244 3.201207
7 0.161245 -0.243978 0.956282 0.472526 0.869764 0.142229 -0.866440 0.428935 0.255531 -4.540477 -0.899546 4.070756
8 -0.069773 -0.229737 0.970749 0.509797 0.828239 0.232653 -0.857460 0.511118 0.059331 -4.725078 -1.362979 4.937446
9 -0.300300 -0.192395 0.934240 0.497652 0.803972 0.325532 -0.813734 0.562683 -0.145687 -4.685462 -1.879682 5.792694
10 -0.426167 -0.190846 0.884285 0.465538 0.791862 0.395258 -0.775665 0.580114 -0.248620 -4.517548 -2.376627 6.644075
11 -0.522650 -0.153630 0.838591 0.446473 0.788639 0.422742 -0.726291 0.595354 -0.343591 -4.185979 -2.932730 7.406185
12 -0.655867 -0.151609 0.739495 0.372545 0.787006 0.491764 -0.656543 0.598027 -0.459691 -3.559272 -3.285937 8.100795
13 -0.700449 -0.083978 0.708745 0.419066 0.755446 0.503671 -0.577716 0.649807 -0.493959 -2.668732 -3.229988 8.552247
14 -0.661901 -0.154038 0.733593 0.451016 0.699849 0.553892 -0.598725 0.697484 -0.393757 -1.989608 -2.750620 7.996373
15 -0.850142 -0.046492 0.524498 0.357482 0.680394 0.639742 -0.386608 0.731370 -0.561811 -1.228214 -3.119813 8.529267
16 -0.950897 0.074628 0.300375 0.273813 0.655293 0.704001 -0.144296 0.751679 -0.643550 -0.381721 -3.498055 8.903944
17 -0.983691 0.164570 0.072583 0.157170 0.590256 0.791768 0.087458 0.790263 -0.606495 0.596633 -3.636117 8.749790
18 -0.969491 0.214854 -0.118007 0.022825 0.558443 0.829229 0.244064 0.801236 -0.546309 1.565714 -3.804272 8.569220
19 -0.909421 0.249563 -0.332674 -0.143234 0.563034 0.813927 0.390433 0.787852 -0.476289 2.468846 -3.781137 8.140481
20 -0.865480 0.261519 -0.427260 -0.176345 0.639262 0.748496 0.468878 0.723154 -0.507152 3.314034 -4.233670 8.424860
21 -0.822751 0.341582 -0.454314 -0.199874 0.574374 0.793817 0.532100 0.743920 -0.404293 3.083894 -3.429587 7.876694
22 -0.746817 0.381106 -0.544997 -0.290464 0.550282 0.782828 0.598243 0.742932 -0.300263 4.001616 -3.319668 7.494983
23 -0.663522 0.404299 -0.629508 -0.368478 0.555686 0.745276 0.651123 0.726468 -0.219735 4.677913 -2.904667 6.886380
24 -0.616408 0.436592 -0.655308 -0.350152 0.593428 0.724732 0.705290 0.676188 -0.212920 4.334563 -3.290545 7.742656
25 -0.487304 0.482855 -0.727590 -0.413289 0.606456 0.679267 0.769238 0.631714 -0.095970 4.938109 -3.170641 6.954395
26 -0.298976 0.495536 -0.815511 -0.520765 0.631397 0.574580 0.799635 0.596475 0.069286 5.129686 -2.647678 6.123848
27 -0.080350 0.484195 -0.871263 -0.594466 0.678346 0.431807 0.800096 0.552632 0.233332 5.570556 -2.197340 5.347428
28 0.214973 0.446030 -0.868818 -0.586686 0.770185 0.250230 0.780760 0.455931 0.427248 5.550818 -1.615825 4.534132
29 0.324115 0.400949 -0.856848 -0.496265 0.843174 0.206832 0.805401 0.358187 0.472262 5.393416 -1.565991 5.520408
30 0.423918 0.500084 -0.755122 -0.601196 0.778944 0.178354 0.677390 0.378369 0.630857 4.538777 -1.189017 5.163361
31 0.508569 0.431220 -0.745256 -0.583406 0.809152 0.070070 0.633241 0.399152 0.663086 4.679881 -0.654914 4.329800
32 0.698650 0.355756 -0.620747 -0.487003 0.872062 -0.048335 0.524134 0.336075 0.782520 3.980239 -0.156183 3.818167
33 0.866162 0.229121 -0.444148 -0.342017 0.919762 -0.192514 0.364401 0.318654 0.875026 3.342794 0.370143 3.255455
34 0.946970 0.129688 -0.293986 -0.212675 0.938817 -0.270910 0.240866 0.319067 0.916613 2.528550 0.703327 2.780065
35 0.995533 -0.003175 -0.094365 -0.025329 0.953818 -0.299316 0.090958 0.300369 0.949476 1.547654 0.683613 2.586534
36 0.988487 -0.094063 0.118515 0.117761 0.970094 -0.212252 -0.095006 0.223765 0.970002 0.588094 0.555097 2.836991
37 0.947486 -0.190315 0.257002 0.248494 0.943997 -0.217071 -0.201297 0.269536 0.941717 -0.374808 0.285265 2.840177
38 0.932784 -0.197615 0.301434 0.270583 0.936413 -0.223418 -0.238116 0.289964 0.926942 -0.001167 0.054719 3.738643
39 0.933908 -0.198253 0.297510 0.275126 0.929943 -0.243950 -0.228304 0.309680 0.923025 0.288835 0.695328 3.027644
